sample_index,true_label,raw_pred,raw_confidence,adjusted_pred,adjusted_confidence,raw_prob_NORM,raw_prob_MI,raw_prob_STTC,raw_prob_CD,raw_prob_HYP
0,NORM,NORM,0.647668,NORM,0.680257,0.647668,0.005973,0.008529,0.324892,0.012938
1,NORM,CD,0.514595,CD,0.483139,0.382836,0.022467,0.050144,0.514595,0.029958
2,NORM,CD,0.694508,CD,0.666217,0.234575,0.022323,0.005784,0.694508,0.042811
3,NORM,NORM,0.873612,NORM,0.886281,0.873612,0.005273,0.001727,0.082811,0.036577
4,NORM,NORM,0.648260,NORM,0.681114,0.648260,0.022339,0.013532,0.307475,0.008394
5,MI,NORM,0.557154,NORM,0.593659,0.557154,0.295821,0.003343,0.141537,0.002144
6,CD,CD,0.498177,NORM,0.523146,0.486292,0.002372,0.000923,0.498177,0.012236
7,NORM,NORM,0.679615,NORM,0.709411,0.679615,0.004115,0.013313,0.273945,0.029012
8,NORM,NORM,0.643068,NORM,0.675976,0.643068,0.126107,0.000874,0.218520,0.011432
9,NORM,NORM,0.542456,NORM,0.577682,0.542456,0.026936,0.000508,0.399679,0.030420
10,NORM,NORM,0.854902,NORM,0.870767,0.854902,0.005760,0.007154,0.110180,0.022004
11,NORM,NORM,0.672081,NORM,0.703901,0.672081,0.026154,0.011990,0.284581,0.005195
12,NORM,NORM,0.707774,NORM,0.737502,0.707774,0.109774,0.026067,0.152005,0.004380
13,NORM,NORM,0.594985,NORM,0.609944,0.594985,0.002066,0.039223,0.011436,0.352291
14,STTC,STTC,0.559512,STTC,0.531295,0.327734,0.029027,0.559512,0.083050,0.000677
15,NORM,NORM,0.759048,NORM,0.784818,0.759048,0.093856,0.103305,0.035762,0.008029
16,NORM,NORM,0.719563,NORM,0.748456,0.719563,0.204208,0.004631,0.066518,0.005080
17,NORM,NORM,0.839624,NORM,0.857951,0.839624,0.093560,0.012356,0.043670,0.010791
18,NORM,NORM,0.800918,NORM,0.823298,0.800918,0.102182,0.010745,0.080119,0.006037
19,STTC,STTC,0.579448,STTC,0.572528,0.072483,0.326748,0.579448,0.017917,0.003403
20,NORM,NORM,0.869142,NORM,0.881393,0.869142,0.029487,0.002506,0.051066,0.047799
21,NORM,NORM,0.580229,NORM,0.616090,0.580229,0.267880,0.105894,0.043088,0.002909
22,CD,CD,0.879769,CD,0.865012,0.102424,0.007859,0.005348,0.879769,0.004600
23,STTC,STTC,0.573441,STTC,0.568547,0.047525,0.341182,0.573441,0.029135,0.008716
24,STTC,HYP,0.477009,HYP,0.496932,0.066096,0.034883,0.306858,0.115153,0.477009
25,CD,MI,0.801521,MI,0.801430,0.000325,0.801521,0.014853,0.182720,0.000581
26,MI,MI,0.433733,NORM,0.455183,0.418604,0.433733,0.002425,0.138355,0.006883
27,CD,CD,0.986326,CD,0.985735,0.000577,0.008114,0.000171,0.986326,0.004813
28,NORM,NORM,0.781069,NORM,0.802594,0.781069,0.010057,0.004861,0.163417,0.040597
29,NORM,NORM,0.672446,NORM,0.704112,0.672446,0.003121,0.007420,0.309807,0.007208
30,NORM,NORM,0.835366,NORM,0.854818,0.835366,0.012905,0.006078,0.143700,0.001952
31,MI,MI,0.425557,MI,0.401385,0.359946,0.425557,0.001092,0.194683,0.018723
32,CD,NORM,0.516609,NORM,0.548853,0.516609,0.004231,0.029450,0.354863,0.094846
33,MI,NORM,0.516127,NORM,0.551022,0.516127,0.286746,0.026881,0.125273,0.044973
34,NORM,NORM,0.916417,NORM,0.926417,0.916417,0.041240,0.001550,0.031421,0.009372
35,NORM,NORM,0.808630,NORM,0.825176,0.808630,0.060388,0.010090,0.047931,0.072962
36,NORM,STTC,0.643136,STTC,0.640361,0.025339,0.301648,0.643136,0.027652,0.002225
37,NORM,NORM,0.523175,NORM,0.549775,0.523175,0.005964,0.214592,0.057054,0.199215
38,HYP,HYP,0.899982,HYP,0.908571,0.000444,0.019487,0.079023,0.001063,0.899982
39,STTC,STTC,0.607434,STTC,0.606646,0.006064,0.326129,0.607434,0.057345,0.003028
40,NORM,NORM,0.796845,NORM,0.818812,0.796845,0.009583,0.124887,0.052448,0.016237
41,HYP,STTC,0.563999,STTC,0.549223,0.000192,0.109808,0.563999,0.070492,0.255509
42,NORM,NORM,0.842699,NORM,0.858734,0.842699,0.029214,0.049595,0.042717,0.035775
43,NORM,NORM,0.592321,NORM,0.610674,0.592321,0.001822,0.012332,0.098218,0.295306
44,CD,NORM,0.645485,NORM,0.676731,0.645485,0.014909,0.080791,0.223359,0.035456
45,CD,NORM,0.860679,NORM,0.873976,0.860679,0.031478,0.006442,0.055091,0.046309
46,STTC,STTC,0.603507,STTC,0.581786,0.055106,0.040121,0.603507,0.031067,0.270199
47,NORM,NORM,0.777535,NORM,0.795351,0.777535,0.067069,0.037888,0.022637,0.094871
48,STTC,STTC,0.638205,STTC,0.620248,0.170579,0.076743,0.638205,0.101677,0.012796
49,NORM,NORM,0.504654,NORM,0.539196,0.504654,0.006995,0.002464,0.431374,0.054514
50,NORM,HYP,0.473949,HYP,0.472283,0.365952,0.002604,0.018153,0.139342,0.473949
51,STTC,STTC,0.569095,STTC,0.547568,0.241839,0.176130,0.569095,0.011257,0.001679
52,MI,CD,0.432661,CD,0.405165,0.287254,0.074702,0.002133,0.432661,0.203251
53,NORM,NORM,0.590586,NORM,0.621955,0.590586,0.089972,0.019901,0.226705,0.072836
54,CD,CD,0.793231,CD,0.775779,0.111259,0.051299,0.001515,0.793231,0.042696
55,HYP,HYP,0.642334,HYP,0.664412,0.005518,0.044025,0.200548,0.107575,0.642334
56,NORM,NORM,0.584942,NORM,0.617969,0.584942,0.135552,0.212158,0.019081,0.048266
57,NORM,NORM,0.587496,NORM,0.622102,0.587496,0.036786,0.003699,0.351792,0.020227
58,CD,NORM,0.497051,NORM,0.525677,0.497051,0.064974,0.003716,0.261903,0.172356
59,STTC,STTC,0.518816,STTC,0.515999,0.021777,0.425861,0.518816,0.015134,0.018411
60,NORM,NORM,0.899978,NORM,0.912264,0.899978,0.005081,0.005018,0.084782,0.005141
61,CD,CD,0.334344,CD,0.328517,0.006560,0.272127,0.228411,0.334344,0.158558
62,MI,MI,0.790423,MI,0.790288,0.000647,0.790423,0.006779,0.201527,0.000624
63,HYP,HYP,0.954439,HYP,0.957230,0.009693,0.000592,0.032737,0.002539,0.954439
64,MI,STTC,0.466244,STTC,0.464377,0.009796,0.311701,0.466244,0.189116,0.023143
65,STTC,STTC,0.511522,STTC,0.508143,0.038977,0.379192,0.511522,0.067060,0.003249
66,STTC,HYP,0.761447,HYP,0.778951,0.001566,0.020789,0.213659,0.002540,0.761447
67,NORM,NORM,0.528562,NORM,0.557320,0.528562,0.194865,0.004793,0.116392,0.155389
68,STTC,MI,0.795462,MI,0.795044,0.002976,0.795462,0.184503,0.016638,0.000421
69,CD,CD,0.743080,CD,0.742667,0.001167,0.206922,0.045330,0.743080,0.003500
70,NORM,NORM,0.760664,NORM,0.783047,0.760664,0.013140,0.052495,0.121194,0.052507
71,STTC,STTC,0.565896,STTC,0.564082,0.004694,0.211772,0.565896,0.194283,0.023354
72,MI,MI,0.787904,MI,0.786567,0.007076,0.787904,0.168896,0.030855,0.005269
73,NORM,NORM,0.798670,NORM,0.818971,0.798670,0.015662,0.041992,0.107718,0.035958
74,NORM,NORM,0.512444,NORM,0.549222,0.512444,0.006729,0.001599,0.468745,0.010483
75,CD,CD,0.704795,CD,0.704462,0.000648,0.285243,0.005820,0.704795,0.003493
76,NORM,NORM,0.469154,NORM,0.484438,0.469154,0.006914,0.030032,0.025574,0.468325
77,CD,CD,0.952516,CD,0.951228,0.005327,0.035740,0.001738,0.952516,0.004679
78,NORM,STTC,0.475139,STTC,0.445657,0.405819,0.092131,0.475139,0.022366,0.004545
79,CD,NORM,0.525366,NORM,0.546260,0.525366,0.025084,0.075235,0.066500,0.307815
80,CD,CD,0.807803,CD,0.807428,0.002018,0.157615,0.031256,0.807803,0.001309
81,NORM,NORM,0.598643,NORM,0.633899,0.598643,0.282809,0.016005,0.099371,0.003171
82,CD,CD,0.608934,CD,0.608591,0.001297,0.330720,0.055674,0.608934,0.003375
83,NORM,NORM,0.670678,NORM,0.696899,0.670678,0.168699,0.005898,0.063622,0.091102
84,NORM,NORM,0.637885,NORM,0.669515,0.637885,0.020131,0.006986,0.299686,0.035313
85,STTC,STTC,0.417495,STTC,0.410643,0.084721,0.104120,0.417495,0.365360,0.028304
86,MI,MI,0.636359,MI,0.634686,0.014664,0.636359,0.004257,0.342220,0.002500
87,CD,CD,0.804650,CD,0.783687,0.147894,0.020191,0.000493,0.804650,0.026772
88,NORM,NORM,0.780922,NORM,0.802676,0.780922,0.007137,0.021706,0.152518,0.037716
89,NORM,NORM,0.496423,NORM,0.533524,0.496423,0.453698,0.002779,0.040437,0.006663
90,STTC,HYP,0.470692,HYP,0.486535,0.121602,0.099299,0.300594,0.007814,0.470692
91,NORM,NORM,0.666756,NORM,0.697055,0.666756,0.245024,0.013502,0.042107,0.032610
92,NORM,NORM,0.756085,NORM,0.782310,0.756085,0.059760,0.002880,0.176265,0.005009
93,MI,MI,0.787405,MI,0.786829,0.004372,0.787405,0.194875,0.013118,0.000230
94,NORM,NORM,0.774313,NORM,0.798854,0.774313,0.066158,0.059927,0.091691,0.007912
95,NORM,NORM,0.742710,NORM,0.763946,0.742710,0.023319,0.004607,0.140542,0.088823
96,CD,CD,0.887976,CD,0.879355,0.054764,0.041339,0.006979,0.887976,0.008943
97,NORM,STTC,0.570042,STTC,0.543606,0.246710,0.069513,0.570042,0.030970,0.082765
98,MI,NORM,0.611069,NORM,0.628598,0.611069,0.073535,0.011023,0.013955,0.290419
99,NORM,STTC,0.655801,STTC,0.649122,0.061083,0.173183,0.655801,0.106091,0.003843
100,CD,CD,0.549633,CD,0.539436,0.112944,0.058772,0.272711,0.549633,0.005940
101,MI,MI,0.510437,MI,0.509266,0.013445,0.510437,0.429244,0.045708,0.001166
102,NORM,NORM,0.434186,NORM,0.457962,0.434186,0.044954,0.107833,0.115889,0.297138
103,MI,MI,0.679783,MI,0.677964,0.015154,0.679783,0.296677,0.006205,0.002181
104,STTC,NORM,0.657047,NORM,0.681898,0.657047,0.006994,0.042743,0.168083,0.125132
105,NORM,NORM,0.677406,NORM,0.708472,0.677406,0.159409,0.070500,0.080694,0.011991
106,NORM,NORM,0.623795,NORM,0.653278,0.623795,0.084925,0.177480,0.033472,0.080327
107,NORM,NORM,0.844643,NORM,0.863116,0.844643,0.093745,0.030476,0.028519,0.002618
108,NORM,NORM,0.821727,NORM,0.842313,0.821727,0.011000,0.018485,0.144459,0.004329
109,NORM,NORM,0.910918,NORM,0.920524,0.910918,0.003970,0.052284,0.011038,0.021791
110,CD,NORM,0.634303,NORM,0.667850,0.634303,0.021175,0.001455,0.335252,0.007815
111,NORM,NORM,0.847446,NORM,0.864874,0.847446,0.085463,0.001765,0.053191,0.012134
112,HYP,MI,0.625715,MI,0.615400,0.052168,0.625715,0.176934,0.066077,0.079106
113,MI,MI,0.659308,MI,0.654237,0.047567,0.659308,0.070858,0.221767,0.000501
114,NORM,NORM,0.554363,NORM,0.589714,0.554363,0.005379,0.010475,0.406288,0.023496
115,CD,CD,0.880990,CD,0.866440,0.092824,0.009014,0.000338,0.880990,0.016834
116,NORM,NORM,0.511550,NORM,0.546793,0.511550,0.125023,0.001955,0.321887,0.039584
117,NORM,NORM,0.588026,NORM,0.604823,0.588026,0.001902,0.005500,0.077432,0.327140
118,CD,CD,0.665994,CD,0.665226,0.004089,0.231240,0.093995,0.665994,0.004682
119,STTC,STTC,0.910083,STTC,0.906588,0.021244,0.043317,0.910083,0.021400,0.003956
120,MI,MI,0.671571,MI,0.671173,0.001686,0.671571,0.291295,0.032404,0.003045
121,CD,CD,0.642131,CD,0.630464,0.046900,0.199444,0.007732,0.642131,0.103793
122,STTC,STTC,0.756323,STTC,0.734039,0.153724,0.012875,0.756323,0.024965,0.052112
123,HYP,STTC,0.437078,STTC,0.430810,0.002965,0.133399,0.437078,0.292792,0.133766
124,MI,STTC,0.666998,STTC,0.650242,0.026275,0.044476,0.666998,0.057662,0.204589
125,NORM,NORM,0.732045,NORM,0.759075,0.732045,0.046972,0.002554,0.199480,0.018949
126,NORM,NORM,0.532426,NORM,0.569282,0.532426,0.397725,0.003015,0.062539,0.004295
127,NORM,HYP,0.585702,HYP,0.576178,0.382126,0.020172,0.003141,0.008860,0.585702
128,NORM,NORM,0.656734,NORM,0.688480,0.656734,0.003275,0.002419,0.318748,0.018824
129,MI,CD,0.760241,CD,0.760125,0.000350,0.237996,0.000502,0.760241,0.000911
130,NORM,NORM,0.750774,NORM,0.772329,0.750774,0.001984,0.005081,0.166972,0.075189
131,STTC,STTC,0.507155,STTC,0.505030,0.018215,0.270361,0.507155,0.192299,0.011971
132,NORM,NORM,0.872767,NORM,0.886677,0.872767,0.016529,0.005862,0.082373,0.022469
133,NORM,NORM,0.651647,NORM,0.674038,0.651647,0.102431,0.026042,0.050821,0.169058
134,CD,CD,0.679466,CD,0.676502,0.000868,0.205223,0.074109,0.679466,0.040333
135,NORM,NORM,0.906079,NORM,0.917572,0.906079,0.035257,0.028615,0.023890,0.006159
136,NORM,NORM,0.688779,NORM,0.702402,0.688779,0.014816,0.013572,0.018183,0.264649
137,NORM,NORM,0.852910,NORM,0.870058,0.852910,0.116239,0.004251,0.017992,0.008608
138,NORM,NORM,0.558000,NORM,0.594336,0.558000,0.028967,0.180237,0.228046,0.004751
139,CD,CD,0.774952,CD,0.753621,0.164704,0.043306,0.001350,0.774952,0.015688
140,NORM,NORM,0.759963,NORM,0.785960,0.759963,0.110959,0.098810,0.026308,0.003959
141,NORM,NORM,0.662612,NORM,0.675971,0.662612,0.011007,0.005573,0.019975,0.300834
142,CD,CD,0.622291,CD,0.610605,0.017100,0.148474,0.056488,0.622291,0.155648
143,NORM,CD,0.465674,CD,0.455091,0.109787,0.097413,0.274950,0.465674,0.052176
144,NORM,NORM,0.743681,NORM,0.769860,0.743681,0.026279,0.035978,0.175294,0.018767
145,NORM,NORM,0.860546,NORM,0.876615,0.860546,0.040258,0.039888,0.047228,0.012081
146,NORM,CD,0.844020,CD,0.835523,0.058187,0.088900,0.001737,0.844020,0.007157
147,STTC,STTC,0.862463,STTC,0.851849,0.074951,0.041657,0.862463,0.017790,0.003139
148,NORM,MI,0.690864,MI,0.685258,0.014284,0.690864,0.103959,0.135091,0.055802
149,NORM,NORM,0.438214,NORM,0.457245,0.438214,0.029061,0.034910,0.093151,0.404664
150,CD,CD,0.494388,CD,0.490539,0.047191,0.376259,0.080170,0.494388,0.001992
151,HYP,HYP,0.829148,HYP,0.828747,0.114331,0.003135,0.026898,0.026488,0.829148
152,CD,CD,0.748862,CD,0.745585,0.011979,0.088652,0.127139,0.748862,0.023368
153,NORM,NORM,0.740961,NORM,0.768112,0.740961,0.088682,0.002254,0.159982,0.008120
154,NORM,CD,0.577403,CD,0.550299,0.297385,0.111336,0.003180,0.577403,0.010696
155,NORM,NORM,0.704711,NORM,0.734663,0.704711,0.012780,0.003418,0.275107,0.003985
156,STTC,NORM,0.797703,NORM,0.820609,0.797703,0.067682,0.070566,0.061125,0.002924
157,MI,CD,0.457525,CD,0.456507,0.008246,0.397001,0.128725,0.457525,0.008504
158,NORM,NORM,0.888899,NORM,0.900855,0.888899,0.047469,0.013646,0.025639,0.024347
159,NORM,NORM,0.380886,NORM,0.415548,0.380886,0.031698,0.231339,0.324869,0.031209
160,NORM,NORM,0.791738,NORM,0.814817,0.791738,0.050397,0.103469,0.046834,0.007563
161,HYP,HYP,0.496288,HYP,0.486343,0.466992,0.008752,0.008556,0.019412,0.496288
162,NORM,NORM,0.750574,NORM,0.763135,0.750574,0.003713,0.003696,0.040049,0.201968
163,NORM,NORM,0.899852,NORM,0.910393,0.899852,0.042582,0.005567,0.025801,0.026197
164,MI,NORM,0.641162,NORM,0.674559,0.641162,0.313590,0.004301,0.035713,0.005235
165,NORM,NORM,0.626903,NORM,0.642092,0.626903,0.020605,0.005371,0.034335,0.312786
166,NORM,NORM,0.634558,NORM,0.657649,0.634558,0.054154,0.064899,0.071934,0.174455
167,NORM,NORM,0.477116,NORM,0.513523,0.477116,0.164908,0.008263,0.328312,0.021401
168,STTC,NORM,0.446178,NORM,0.483279,0.446178,0.050752,0.430296,0.068646,0.004128
169,HYP,HYP,0.596290,HYP,0.589027,0.346569,0.006338,0.015390,0.035413,0.596290
170,MI,CD,0.553380,CD,0.553339,0.000338,0.444647,0.001466,0.553380,0.000169
171,STTC,STTC,0.743372,STTC,0.727792,0.006200,0.034819,0.743372,0.021599,0.194010
172,MI,MI,0.537992,MI,0.515121,0.270470,0.537992,0.150781,0.034774,0.005983
173,CD,NORM,0.599936,NORM,0.634889,0.599936,0.106298,0.100058,0.186281,0.007427
174,CD,CD,0.914952,CD,0.914418,0.001294,0.070691,0.009501,0.914952,0.003562
175,HYP,HYP,0.593203,HYP,0.610336,0.072659,0.117516,0.167345,0.049278,0.593203
176,STTC,STTC,0.701462,STTC,0.683165,0.032152,0.045921,0.701462,0.015277,0.205188
177,HYP,NORM,0.668266,NORM,0.694638,0.668266,0.101318,0.000879,0.138490,0.091047
178,STTC,STTC,0.703730,STTC,0.702333,0.001928,0.264261,0.703730,0.014132,0.015948
179,NORM,STTC,0.711684,STTC,0.691445,0.163206,0.045716,0.711684,0.052228,0.027166
180,NORM,NORM,0.826668,NORM,0.844577,0.826668,0.050980,0.006458,0.083428,0.032467
181,NORM,NORM,0.882485,NORM,0.896745,0.882485,0.041884,0.020994,0.049487,0.005151
182,STTC,MI,0.587693,MI,0.582397,0.025923,0.587693,0.279550,0.060265,0.046569
183,NORM,NORM,0.430094,NORM,0.466440,0.430094,0.169303,0.369289,0.015178,0.016136
184,NORM,NORM,0.593700,NORM,0.629098,0.593700,0.134418,0.119261,0.149005,0.003616
185,NORM,NORM,0.704674,NORM,0.734596,0.704674,0.004777,0.008762,0.277330,0.004458
186,NORM,NORM,0.963799,NORM,0.968167,0.963799,0.005312,0.009439,0.015577,0.005873
187,HYP,HYP,0.571394,HYP,0.565036,0.355378,0.029098,0.008807,0.035324,0.571394
188,HYP,CD,0.654265,CD,0.623611,0.247415,0.011121,0.000535,0.654265,0.086664
189,MI,MI,0.314876,NORM,0.316868,0.289174,0.314876,0.157686,0.109976,0.128287
190,CD,CD,0.815398,CD,0.815377,0.000110,0.184114,0.000306,0.815398,0.000072
191,CD,CD,0.635674,CD,0.616519,0.190981,0.171070,0.000743,0.635674,0.001532
192,NORM,NORM,0.855840,NORM,0.872781,0.855840,0.063671,0.055104,0.017987,0.007398
193,NORM,NORM,0.541177,NORM,0.563323,0.541177,0.028140,0.004811,0.154143,0.271729
194,NORM,NORM,0.622606,NORM,0.646661,0.622606,0.037992,0.001956,0.167650,0.169795
195,STTC,STTC,0.699037,STTC,0.690196,0.003040,0.147074,0.699037,0.033741,0.117108
196,NORM,NORM,0.597625,NORM,0.633005,0.597625,0.288755,0.001760,0.110136,0.001724
197,NORM,NORM,0.776618,NORM,0.801193,0.776618,0.012499,0.110962,0.095031,0.004890
198,NORM,NORM,0.661696,NORM,0.693236,0.661696,0.052485,0.012379,0.255485,0.017956
199,NORM,NORM,0.437547,NORM,0.474428,0.437547,0.006409,0.316854,0.232477,0.006712
200,NORM,CD,0.519081,NORM,0.507134,0.470074,0.001557,0.001128,0.519081,0.008160
201,NORM,NORM,0.687461,NORM,0.704590,0.687461,0.005986,0.011147,0.083034,0.212371
202,NORM,NORM,0.521291,NORM,0.557925,0.521291,0.146010,0.001745,0.319683,0.011270
203,NORM,NORM,0.628944,NORM,0.661964,0.628944,0.001137,0.007741,0.342245,0.019932
204,STTC,MI,0.674963,MI,0.659837,0.141122,0.674963,0.137022,0.046081,0.000812
205,MI,MI,0.933171,MI,0.931788,0.008960,0.933171,0.021579,0.035969,0.000321
206,NORM,NORM,0.823873,NORM,0.843850,0.823873,0.028121,0.006812,0.131712,0.009482
207,HYP,NORM,0.833091,NORM,0.851336,0.833091,0.012218,0.039229,0.095379,0.020082
208,NORM,NORM,0.694625,NORM,0.725387,0.694625,0.201005,0.029798,0.073151,0.001420
209,MI,MI,0.715470,MI,0.708610,0.059679,0.715470,0.189399,0.035234,0.000217
210,MI,STTC,0.725798,STTC,0.710422,0.019286,0.047990,0.725798,0.030810,0.176116
211,NORM,NORM,0.806343,NORM,0.828326,0.806343,0.028967,0.013884,0.145986,0.004820
212,MI,MI,0.486106,MI,0.463838,0.290444,0.486106,0.018494,0.195410,0.009546
213,NORM,NORM,0.907723,NORM,0.919163,0.907723,0.014908,0.011973,0.060895,0.004500
214,NORM,NORM,0.674772,NORM,0.704728,0.674772,0.168207,0.011246,0.114894,0.030880
215,HYP,NORM,0.464263,NORM,0.483302,0.464263,0.023949,0.083746,0.038867,0.389176
216,NORM,NORM,0.521000,NORM,0.557789,0.521000,0.040757,0.361359,0.068415,0.008469
217,STTC,MI,0.453080,MI,0.439950,0.099837,0.453080,0.243716,0.073219,0.130148
218,MI,STTC,0.513412,STTC,0.512675,0.000946,0.463163,0.513412,0.010266,0.012214
219,NORM,NORM,0.743476,NORM,0.760034,0.743476,0.013714,0.006363,0.082384,0.154062
220,NORM,NORM,0.762224,NORM,0.788090,0.762224,0.077386,0.097936,0.059141,0.003313
221,NORM,NORM,0.734381,NORM,0.761859,0.734381,0.219974,0.023974,0.011385,0.010286
222,NORM,NORM,0.578975,NORM,0.614743,0.578975,0.300617,0.001523,0.113777,0.005108
223,NORM,HYP,0.667223,HYP,0.664939,0.239719,0.009501,0.072595,0.010961,0.667223
224,MI,MI,0.898060,MI,0.897592,0.002823,0.898060,0.060174,0.038330,0.000614
225,NORM,NORM,0.412547,NORM,0.448621,0.412547,0.165422,0.000750,0.405637,0.015645
226,NORM,HYP,0.667834,HYP,0.659881,0.298167,0.003591,0.002934,0.027475,0.667834
227,HYP,HYP,0.439550,HYP,0.463914,0.005560,0.157882,0.278126,0.118882,0.439550
228,NORM,NORM,0.892673,NORM,0.901857,0.892673,0.034717,0.005275,0.014686,0.052649
229,NORM,NORM,0.782032,NORM,0.805757,0.782032,0.020954,0.110609,0.076265,0.010140
230,NORM,NORM,0.677495,NORM,0.706359,0.677495,0.015291,0.005193,0.257183,0.044837
231,NORM,CD,0.540418,CD,0.509946,0.364536,0.085570,0.002229,0.540418,0.007246
232,MI,CD,0.547812,CD,0.513850,0.404270,0.040183,0.001384,0.547812,0.006351
233,STTC,MI,0.736252,MI,0.734587,0.007903,0.736252,0.200205,0.046250,0.009390
234,NORM,NORM,0.885888,NORM,0.897707,0.885888,0.003234,0.011092,0.069635,0.030151
235,NORM,NORM,0.667116,NORM,0.698319,0.667116,0.197522,0.038514,0.078233,0.018615
236,STTC,STTC,0.654073,STTC,0.652973,0.001259,0.137842,0.654073,0.192736,0.014089
237,MI,MI,0.567669,MI,0.567453,0.000874,0.567669,0.371872,0.057320,0.002265
238,NORM,NORM,0.621385,NORM,0.645842,0.621385,0.003529,0.122658,0.088176,0.164252
239,MI,MI,0.543849,MI,0.539944,0.028539,0.543849,0.004077,0.398689,0.024845
240,NORM,NORM,0.675785,NORM,0.707266,0.675785,0.139062,0.007709,0.170256,0.007187
241,HYP,NORM,0.331403,NORM,0.359743,0.331403,0.295947,0.201245,0.012845,0.158559
242,NORM,NORM,0.788789,NORM,0.812105,0.788789,0.019517,0.002577,0.181285,0.007832
243,NORM,HYP,0.530924,HYP,0.521086,0.433779,0.005731,0.019275,0.010291,0.530924
244,NORM,HYP,0.575572,HYP,0.572359,0.314155,0.026311,0.009637,0.074324,0.575572
245,STTC,STTC,0.821869,STTC,0.805523,0.117283,0.015731,0.821869,0.032637,0.012480
246,CD,CD,0.566351,CD,0.566159,0.000282,0.426110,0.004466,0.566351,0.002790
247,STTC,STTC,0.636989,STTC,0.619999,0.165279,0.179981,0.636989,0.011519,0.006232
248,NORM,NORM,0.912316,NORM,0.923302,0.912316,0.006834,0.058895,0.018474,0.003481
249,MI,STTC,0.573815,STTC,0.569986,0.040257,0.358837,0.573815,0.025159,0.001932
250,MI,STTC,0.571968,STTC,0.571539,0.001535,0.319305,0.571968,0.102425,0.004767
251,STTC,STTC,0.478794,STTC,0.472896,0.076334,0.424276,0.478794,0.019463,0.001133
252,NORM,NORM,0.906962,NORM,0.916943,0.906962,0.001933,0.008965,0.059223,0.022917
253,STTC,STTC,0.796153,STTC,0.782849,0.006960,0.038097,0.796153,0.007911,0.150880
254,STTC,HYP,0.653445,HYP,0.675603,0.001245,0.031887,0.286108,0.027316,0.653445
255,STTC,MI,0.657065,MI,0.649572,0.063044,0.657065,0.241615,0.025600,0.012676
256,HYP,HYP,0.677692,HYP,0.678816,0.198146,0.010195,0.037712,0.076255,0.677692
257,NORM,NORM,0.893647,NORM,0.906033,0.893647,0.003532,0.005443,0.084735,0.012642
258,CD,NORM,0.498254,NORM,0.535613,0.498254,0.228595,0.151621,0.119997,0.001533
259,STTC,STTC,0.809688,STTC,0.794863,0.109204,0.047227,0.809688,0.024592,0.009290
260,CD,CD,0.852864,CD,0.852438,0.001681,0.138368,0.004923,0.852864,0.002165
261,NORM,MI,0.481932,MI,0.467031,0.187016,0.481932,0.010356,0.305114,0.015583
262,STTC,STTC,0.495763,STTC,0.493950,0.003203,0.419695,0.495763,0.051363,0.029976
263,STTC,STTC,0.819551,STTC,0.816612,0.017474,0.127568,0.819551,0.028074,0.007333
264,STTC,STTC,0.697152,STTC,0.695643,0.010713,0.236050,0.697152,0.051941,0.004145
265,NORM,NORM,0.811267,NORM,0.832689,0.811267,0.025768,0.068288,0.088464,0.006214
266,NORM,NORM,0.817766,NORM,0.838546,0.817766,0.020446,0.057591,0.097547,0.006650
267,NORM,NORM,0.649311,NORM,0.674144,0.649311,0.001670,0.011081,0.205235,0.132702
268,STTC,STTC,0.847198,STTC,0.843717,0.022352,0.101074,0.847198,0.024532,0.004843
269,STTC,STTC,0.687419,STTC,0.676716,0.082245,0.135462,0.687419,0.071049,0.023826
270,STTC,MI,0.638170,MI,0.636028,0.020528,0.638170,0.330766,0.010090,0.000446
271,NORM,NORM,0.507129,NORM,0.533683,0.507129,0.010298,0.207307,0.066515,0.208751
272,NORM,NORM,0.862298,NORM,0.878465,0.862298,0.002760,0.075619,0.050731,0.008592
273,MI,MI,0.850967,MI,0.850723,0.001468,0.850967,0.050065,0.097022,0.000478
274,NORM,NORM,0.694079,NORM,0.724081,0.694079,0.006486,0.003994,0.282439,0.013002
275,CD,CD,0.815375,CD,0.804359,0.075261,0.091217,0.003733,0.815375,0.014414
276,NORM,NORM,0.648961,NORM,0.681032,0.648961,0.002530,0.040073,0.288498,0.019938
277,NORM,NORM,0.869418,NORM,0.879945,0.869418,0.046717,0.002043,0.013046,0.068776
278,NORM,NORM,0.653146,NORM,0.685345,0.653146,0.072795,0.208016,0.051333,0.014709
279,CD,STTC,0.486754,STTC,0.466468,0.263898,0.054135,0.486754,0.187800,0.007414
280,CD,MI,0.372207,MI,0.363510,0.147181,0.372207,0.149591,0.330012,0.001009
281,NORM,CD,0.707638,CD,0.684037,0.205103,0.073912,0.000886,0.707638,0.012461
282,CD,CD,0.709335,CD,0.689377,0.148614,0.095068,0.000394,0.709335,0.046589
283,STTC,STTC,0.596920,STTC,0.591705,0.023436,0.081091,0.596920,0.250811,0.047741
284,NORM,MI,0.428304,MI,0.410068,0.272177,0.428304,0.272226,0.023271,0.004022
285,STTC,HYP,0.632744,HYP,0.644425,0.114883,0.022893,0.202485,0.026995,0.632744
286,NORM,NORM,0.623302,NORM,0.657198,0.623302,0.010211,0.007215,0.349398,0.009874
287,CD,CD,0.722911,CD,0.716660,0.046949,0.216311,0.003134,0.722911,0.010694
288,NORM,NORM,0.921901,NORM,0.929598,0.921901,0.024177,0.005591,0.019618,0.028713
289,CD,NORM,0.807738,NORM,0.825002,0.807738,0.006023,0.002174,0.119393,0.064672
290,NORM,NORM,0.587855,NORM,0.623550,0.587855,0.165104,0.034633,0.210599,0.001810
291,CD,CD,0.796999,CD,0.773891,0.173653,0.009322,0.003314,0.796999,0.016712
292,CD,CD,0.765591,CD,0.742800,0.125096,0.003051,0.007012,0.765591,0.099249
293,NORM,NORM,0.879090,NORM,0.892522,0.879090,0.008215,0.053083,0.039814,0.019797
294,STTC,NORM,0.628983,NORM,0.662382,0.628983,0.007346,0.151136,0.198639,0.013896
295,NORM,NORM,0.736880,NORM,0.762909,0.736880,0.063856,0.036738,0.134556,0.027971
296,NORM,STTC,0.520374,STTC,0.498720,0.251736,0.016417,0.520374,0.185993,0.025480
297,STTC,STTC,0.670190,STTC,0.667147,0.027599,0.215873,0.670190,0.085432,0.000905
298,STTC,STTC,0.360342,STTC,0.343298,0.299140,0.011925,0.360342,0.316837,0.011756
299,CD,CD,0.635369,CD,0.635239,0.000384,0.361760,0.001139,0.635369,0.001348
300,NORM,NORM,0.837136,NORM,0.855764,0.837136,0.028364,0.006474,0.117883,0.010143
301,HYP,MI,0.730755,MI,0.728780,0.000295,0.730755,0.087501,0.156145,0.025305
302,CD,NORM,0.715963,NORM,0.737618,0.715963,0.006819,0.002568,0.161900,0.112748
303,MI,MI,0.919103,MI,0.918540,0.003717,0.919103,0.005987,0.071083,0.000109
304,NORM,NORM,0.542712,NORM,0.579534,0.542712,0.214298,0.195438,0.045797,0.001755
305,NORM,NORM,0.836234,NORM,0.848557,0.836234,0.005451,0.008844,0.057898,0.091573
306,CD,CD,0.696933,CD,0.696795,0.000896,0.296750,0.004909,0.696933,0.000512
307,NORM,NORM,0.757515,NORM,0.776931,0.757515,0.012820,0.005706,0.126895,0.097064
308,NORM,MI,0.566929,MI,0.557428,0.103675,0.566929,0.015696,0.311168,0.002532
309,HYP,HYP,0.607230,HYP,0.622944,0.082975,0.190135,0.105531,0.014130,0.607230
310,NORM,NORM,0.645875,NORM,0.674836,0.645875,0.005661,0.001865,0.275768,0.070831
311,MI,MI,0.468036,NORM,0.498888,0.462065,0.468036,0.043345,0.014191,0.012363
312,NORM,NORM,0.435156,NORM,0.471515,0.435156,0.209359,0.003189,0.334988,0.017308
313,MI,MI,0.532354,MI,0.531922,0.001488,0.532354,0.406930,0.053790,0.005438
314,CD,CD,0.714323,CD,0.684139,0.265851,0.009237,0.000172,0.714323,0.010417
315,NORM,HYP,0.519764,HYP,0.516355,0.357166,0.037942,0.057819,0.027310,0.519764
316,STTC,MI,0.450169,MI,0.435832,0.194770,0.450169,0.267690,0.074300,0.013072
317,NORM,NORM,0.932216,NORM,0.939844,0.932216,0.010847,0.007459,0.034835,0.014644
318,MI,STTC,0.387262,STTC,0.378583,0.129193,0.344890,0.387262,0.119454,0.019201
319,HYP,MI,0.467378,MI,0.460654,0.036935,0.467378,0.320182,0.093539,0.081965
320,MI,MI,0.504006,MI,0.500107,0.046837,0.504006,0.048699,0.398407,0.002052
321,NORM,MI,0.438104,MI,0.419498,0.271001,0.438104,0.127461,0.158724,0.004710
322,NORM,NORM,0.621751,NORM,0.642527,0.621751,0.009292,0.007363,0.136773,0.224822
323,STTC,STTC,0.467461,STTC,0.459254,0.107139,0.246844,0.467461,0.173517,0.005040
324,HYP,HYP,0.724992,HYP,0.736724,0.069965,0.003706,0.186350,0.014986,0.724992
325,MI,MI,0.853320,MI,0.853159,0.000535,0.853320,0.050625,0.094554,0.000965
326,CD,NORM,0.631632,NORM,0.661305,0.631632,0.153795,0.007296,0.136136,0.071141
327,CD,CD,0.908246,CD,0.907122,0.005088,0.080856,0.001848,0.908246,0.003961
328,MI,NORM,0.530709,NORM,0.567705,0.530709,0.398225,0.048772,0.020070,0.002223
329,NORM,NORM,0.559475,NORM,0.587970,0.559475,0.006490,0.185735,0.105801,0.142498
330,NORM,NORM,0.788299,NORM,0.811772,0.788299,0.011664,0.010058,0.183657,0.006323
331,STTC,STTC,0.662174,STTC,0.647943,0.131910,0.177655,0.662174,0.022415,0.005846
332,NORM,NORM,0.642286,NORM,0.675837,0.642286,0.225202,0.007851,0.122640,0.002021
333,CD,CD,0.593988,CD,0.592848,0.011295,0.390825,0.002982,0.593988,0.000910
334,STTC,HYP,0.390802,HYP,0.394997,0.323376,0.213566,0.056957,0.015300,0.390802
335,MI,NORM,0.552954,NORM,0.589436,0.552954,0.214758,0.210697,0.017416,0.004175
336,NORM,NORM,0.830328,NORM,0.840986,0.830328,0.014316,0.007150,0.027130,0.121076
337,NORM,CD,0.722327,CD,0.695030,0.231916,0.019991,0.009198,0.722327,0.016569
338,MI,MI,0.817850,MI,0.808872,0.066431,0.817850,0.008059,0.104343,0.003318
339,NORM,CD,0.581373,CD,0.547469,0.353011,0.018445,0.001533,0.581373,0.045638
340,NORM,MI,0.459505,NORM,0.440592,0.404246,0.459505,0.038895,0.091940,0.005413
341,NORM,NORM,0.557980,NORM,0.587333,0.557980,0.044029,0.003085,0.266827,0.128079
342,NORM,NORM,0.647787,NORM,0.674470,0.647787,0.039113,0.001520,0.206649,0.104931
343,NORM,NORM,0.770674,NORM,0.795891,0.770674,0.007559,0.201413,0.017485,0.002869
344,STTC,STTC,0.613186,STTC,0.601245,0.016737,0.141645,0.613186,0.065348,0.163084
345,NORM,NORM,0.540346,NORM,0.577176,0.540346,0.016320,0.002114,0.438842,0.002378
346,NORM,STTC,0.488002,STTC,0.465366,0.270771,0.156320,0.488002,0.039072,0.045835
347,NORM,NORM,0.729205,NORM,0.750511,0.729205,0.005950,0.009906,0.151868,0.103071
348,NORM,NORM,0.882703,NORM,0.892279,0.882703,0.011018,0.008362,0.035982,0.061936
349,NORM,NORM,0.791684,NORM,0.805784,0.791684,0.031844,0.003077,0.046140,0.127254
350,NORM,NORM,0.614937,NORM,0.645692,0.614937,0.085707,0.007618,0.225405,0.066333
351,STTC,STTC,0.753229,STTC,0.745946,0.013104,0.052271,0.753229,0.108729,0.072668
352,STTC,STTC,0.656317,STTC,0.629250,0.181795,0.019878,0.656317,0.012749,0.129261
353,NORM,NORM,0.914447,NORM,0.924840,0.914447,0.012821,0.016644,0.048584,0.007504
354,CD,CD,0.753121,CD,0.726475,0.204140,0.007634,0.000479,0.753121,0.034626
355,NORM,NORM,0.761340,NORM,0.787366,0.761340,0.150772,0.034102,0.051705,0.002082
356,NORM,NORM,0.555771,NORM,0.591335,0.555771,0.210470,0.117830,0.096755,0.019175
357,NORM,NORM,0.750028,NORM,0.776097,0.750028,0.035634,0.024516,0.176246,0.013576
358,NORM,NORM,0.930152,NORM,0.937406,0.930152,0.011922,0.014458,0.021477,0.021991
359,NORM,NORM,0.691124,NORM,0.718705,0.691124,0.009911,0.176278,0.071338,0.051349
360,STTC,STTC,0.496793,STTC,0.477364,0.001455,0.083085,0.496793,0.033925,0.384742
361,NORM,NORM,0.761037,NORM,0.785786,0.761037,0.005193,0.098203,0.115791,0.019776
362,NORM,NORM,0.602010,NORM,0.636739,0.602010,0.001136,0.002170,0.384802,0.009881
363,NORM,NORM,0.394628,NORM,0.430327,0.394628,0.019524,0.393621,0.177139,0.015088
364,STTC,NORM,0.688137,NORM,0.719265,0.688137,0.071714,0.113120,0.125227,0.001801
365,NORM,NORM,0.700337,NORM,0.728737,0.700337,0.007812,0.106449,0.154811,0.030591
366,NORM,CD,0.792082,CD,0.768794,0.182191,0.016290,0.001760,0.792082,0.007677
367,NORM,NORM,0.611484,NORM,0.635715,0.611484,0.004959,0.012104,0.194694,0.176759
368,NORM,NORM,0.756880,NORM,0.771128,0.756880,0.002235,0.011581,0.059310,0.169995
369,NORM,NORM,0.648692,NORM,0.680615,0.648692,0.125306,0.008973,0.194595,0.022435
370,NORM,HYP,0.687888,HYP,0.683388,0.247801,0.014305,0.029118,0.020888,0.687888
371,STTC,MI,0.587825,MI,0.587453,0.002584,0.587825,0.384128,0.023419,0.002044
372,NORM,NORM,0.575400,NORM,0.611105,0.575400,0.303403,0.019334,0.093948,0.007915
373,NORM,NORM,0.725865,NORM,0.742160,0.725865,0.001730,0.003753,0.089378,0.179274
374,STTC,STTC,0.760255,STTC,0.753160,0.057483,0.059757,0.760255,0.121397,0.001109
375,CD,CD,0.493769,CD,0.461817,0.384279,0.053573,0.001840,0.493769,0.066538
376,NORM,NORM,0.710465,NORM,0.727243,0.710465,0.036163,0.014718,0.047982,0.190672
377,MI,CD,0.643115,CD,0.641439,0.012978,0.337415,0.001624,0.643115,0.004868
378,NORM,NORM,0.847002,NORM,0.859734,0.847002,0.015413,0.014695,0.051070,0.071820
379,NORM,NORM,0.775742,NORM,0.797296,0.775742,0.004728,0.118334,0.054762,0.046434
380,STTC,STTC,0.718867,STTC,0.697963,0.110013,0.023051,0.718867,0.032581,0.115488
381,HYP,HYP,0.541003,HYP,0.554587,0.131025,0.112066,0.162474,0.053431,0.541003
382,NORM,NORM,0.864443,NORM,0.879634,0.864443,0.046876,0.022962,0.047904,0.017815
383,NORM,MI,0.558414,MI,0.525812,0.381548,0.558414,0.001709,0.055893,0.002436
384,NORM,NORM,0.862782,NORM,0.878737,0.862782,0.045682,0.007993,0.072982,0.010561
385,MI,STTC,0.433325,STTC,0.429476,0.008209,0.330356,0.433325,0.155536,0.072575
386,NORM,NORM,0.661643,NORM,0.693203,0.661643,0.025636,0.001014,0.294009,0.017699
387,NORM,NORM,0.902271,NORM,0.912357,0.902271,0.020112,0.002180,0.047177,0.028260
388,NORM,NORM,0.819806,NORM,0.839268,0.819806,0.039647,0.050107,0.069333,0.021107
389,NORM,NORM,0.881372,NORM,0.894362,0.881372,0.038947,0.012677,0.044909,0.022095
390,NORM,NORM,0.735638,NORM,0.763322,0.735638,0.214031,0.016508,0.027678,0.006145
391,NORM,NORM,0.699712,NORM,0.726169,0.699712,0.009690,0.019498,0.211517,0.059583
392,CD,CD,0.934292,CD,0.933360,0.003275,0.057649,0.000325,0.934292,0.004459
393,STTC,MI,0.470892,MI,0.469998,0.002917,0.470892,0.458517,0.054087,0.013587
394,HYP,STTC,0.795861,STTC,0.794199,0.010469,0.168287,0.795861,0.021587,0.003795
395,STTC,STTC,0.829146,STTC,0.827275,0.012175,0.138338,0.829146,0.017573,0.002768
396,NORM,NORM,0.851262,NORM,0.868766,0.851262,0.058307,0.004888,0.079257,0.006286
397,MI,MI,0.808294,MI,0.805424,0.021861,0.808294,0.076917,0.092685,0.000242
398,CD,CD,0.756247,CD,0.748058,0.006428,0.090007,0.053124,0.756247,0.094194
399,CD,NORM,0.836859,NORM,0.855685,0.836859,0.048960,0.004573,0.101626,0.007982
400,STTC,STTC,0.424209,STTC,0.423237,0.008527,0.344835,0.424209,0.213715,0.008713
401,STTC,HYP,0.495989,HYP,0.520820,0.001950,0.272013,0.186610,0.043438,0.495989
402,STTC,STTC,0.675474,STTC,0.657694,0.154439,0.114913,0.675474,0.035784,0.019390
403,CD,NORM,0.495951,NORM,0.531433,0.495951,0.004063,0.000901,0.461047,0.038039
404,MI,MI,0.858518,MI,0.854267,0.029894,0.858518,0.025136,0.085142,0.001310
405,STTC,STTC,0.646619,STTC,0.625233,0.008521,0.014796,0.646619,0.017942,0.312122
406,NORM,NORM,0.450099,NORM,0.474906,0.450099,0.019971,0.059583,0.201209,0.269137
407,STTC,HYP,0.495850,HYP,0.520235,0.007530,0.033288,0.456557,0.006776,0.495850
408,MI,MI,0.343005,MI,0.323544,0.192777,0.343005,0.024421,0.164517,0.275281
409,STTC,STTC,0.736662,STTC,0.721820,0.033230,0.025123,0.736662,0.060604,0.144381
410,NORM,NORM,0.799052,NORM,0.821743,0.799052,0.035745,0.002521,0.158510,0.004172
411,CD,CD,0.734573,CD,0.705805,0.247134,0.009025,0.002011,0.734573,0.007258
412,STTC,STTC,0.672021,STTC,0.651363,0.023921,0.013961,0.672021,0.025355,0.264742
413,HYP,HYP,0.686966,HYP,0.700870,0.067951,0.002317,0.238675,0.004091,0.686966
414,NORM,NORM,0.612289,NORM,0.646849,0.612289,0.032587,0.013927,0.334827,0.006371
415,NORM,MI,0.488513,MI,0.462408,0.347252,0.488513,0.130333,0.031453,0.002449
416,NORM,NORM,0.763109,NORM,0.788308,0.763109,0.201675,0.014959,0.008869,0.011388
417,NORM,STTC,0.618266,STTC,0.586731,0.301220,0.003686,0.618266,0.029296,0.047532
418,CD,CD,0.502588,CD,0.501937,0.004669,0.424506,0.063092,0.502588,0.005145
419,STTC,STTC,0.385296,STTC,0.372350,0.000965,0.135145,0.385296,0.149496,0.329099
420,CD,CD,0.889992,CD,0.888989,0.001951,0.097568,0.002762,0.889992,0.007727
421,CD,CD,0.931442,CD,0.930619,0.001491,0.059908,0.001045,0.931442,0.006114
422,CD,CD,0.715658,CD,0.707063,0.054592,0.168572,0.029596,0.715658,0.031581
423,NORM,NORM,0.380524,NORM,0.412814,0.380524,0.047428,0.121452,0.361472,0.089123
424,NORM,NORM,0.729609,NORM,0.758049,0.729609,0.196301,0.014747,0.057721,0.001621
425,NORM,NORM,0.823029,NORM,0.842197,0.823029,0.039365,0.009082,0.107626,0.020898
426,STTC,STTC,0.771924,STTC,0.757440,0.032032,0.052387,0.771924,0.011127,0.132530
427,NORM,NORM,0.455421,NORM,0.484261,0.455421,0.078253,0.001491,0.284753,0.180082
428,NORM,NORM,0.794859,NORM,0.817358,0.794859,0.012263,0.014592,0.166705,0.011581
429,NORM,NORM,0.819323,NORM,0.837252,0.819323,0.012080,0.001364,0.125784,0.041449
430,NORM,NORM,0.540681,NORM,0.555755,0.540681,0.001632,0.013938,0.036592,0.407156
431,MI,STTC,0.489849,STTC,0.479092,0.136848,0.173490,0.489849,0.196897,0.002915
432,NORM,NORM,0.461031,NORM,0.497877,0.461031,0.355723,0.002815,0.168630,0.011801
433,CD,CD,0.838535,CD,0.821183,0.125582,0.024841,0.003365,0.838535,0.007677
434,MI,NORM,0.468459,NORM,0.501966,0.468459,0.072727,0.020605,0.357712,0.080498
435,MI,NORM,0.801059,NORM,0.822124,0.801059,0.155373,0.008686,0.011810,0.023073
436,MI,CD,0.769467,CD,0.768649,0.000802,0.215987,0.004858,0.769467,0.008886
437,NORM,NORM,0.699859,NORM,0.729818,0.699859,0.003818,0.006639,0.281307,0.008377
438,STTC,STTC,0.899499,STTC,0.896063,0.018971,0.044892,0.899499,0.029373,0.007265
439,MI,NORM,0.620375,NORM,0.653840,0.620375,0.224010,0.000686,0.136201,0.018728
440,HYP,HYP,0.439701,NORM,0.446808,0.429058,0.003366,0.082739,0.045136,0.439701
441,MI,MI,0.318733,HYP,0.314331,0.203669,0.318733,0.129171,0.045575,0.302852
442,MI,MI,0.459418,MI,0.452511,0.093195,0.459418,0.154946,0.290721,0.001720
443,STTC,NORM,0.508526,NORM,0.540248,0.508526,0.012392,0.302214,0.069267,0.107601
444,MI,MI,0.907473,MI,0.907159,0.001904,0.907473,0.035385,0.054876,0.000362
445,NORM,NORM,0.785093,NORM,0.807403,0.785093,0.023173,0.127420,0.038869,0.025445
446,NORM,NORM,0.719815,NORM,0.746919,0.719815,0.010013,0.002573,0.237336,0.030263
447,NORM,NORM,0.834219,NORM,0.850800,0.834219,0.042086,0.003622,0.080269,0.039805
448,CD,NORM,0.691624,NORM,0.720409,0.691624,0.185798,0.042806,0.046645,0.033127
449,MI,MI,0.548007,MI,0.539728,0.089088,0.548007,0.321299,0.032850,0.008757
450,NORM,NORM,0.856061,NORM,0.871797,0.856061,0.056740,0.003285,0.061826,0.022088
451,CD,NORM,0.758605,NORM,0.781229,0.758605,0.010943,0.088534,0.090386,0.051532
452,CD,NORM,0.645299,NORM,0.674124,0.645299,0.007542,0.032464,0.241250,0.073445
453,NORM,NORM,0.584925,NORM,0.617425,0.584925,0.239509,0.019519,0.098829,0.057218
454,NORM,HYP,0.461540,HYP,0.457327,0.412843,0.040323,0.003677,0.081617,0.461540
455,HYP,NORM,0.577684,NORM,0.596289,0.577684,0.001950,0.007156,0.108057,0.305153
456,NORM,NORM,0.831308,NORM,0.851159,0.831308,0.086325,0.014970,0.065467,0.001931
457,NORM,STTC,0.559392,STTC,0.530041,0.340947,0.072913,0.559392,0.024863,0.001886
458,CD,STTC,0.391488,STTC,0.375753,0.177757,0.067556,0.391488,0.238551,0.124649
459,STTC,STTC,0.710893,STTC,0.690949,0.005240,0.007511,0.710893,0.009962,0.266394
460,STTC,STTC,0.538745,STTC,0.537702,0.003080,0.349251,0.538745,0.095209,0.013715
461,MI,MI,0.659116,MI,0.650398,0.080721,0.659116,0.208099,0.048838,0.003226
462,CD,CD,0.682781,CD,0.669195,0.100633,0.166384,0.012013,0.682781,0.038189
463,NORM,NORM,0.461546,NORM,0.498773,0.461546,0.325756,0.001127,0.207540,0.004030
464,NORM,NORM,0.487043,NORM,0.524087,0.487043,0.161302,0.001047,0.342121,0.008486
465,CD,STTC,0.475706,STTC,0.474628,0.007904,0.151191,0.475706,0.355781,0.009418
466,NORM,MI,0.762856,MI,0.743681,0.158736,0.762856,0.024803,0.052696,0.000908
467,CD,CD,0.717300,CD,0.687584,0.243751,0.002152,0.000951,0.717300,0.035846
468,CD,CD,0.416480,CD,0.415325,0.004896,0.334592,0.225125,0.416480,0.018907
469,NORM,NORM,0.480367,NORM,0.498503,0.480367,0.001582,0.114989,0.005365,0.397697
470,HYP,HYP,0.495253,HYP,0.493731,0.349073,0.006467,0.106139,0.043068,0.495253
471,CD,CD,0.715236,CD,0.687007,0.228471,0.011022,0.006139,0.715236,0.039131
472,MI,CD,0.492765,CD,0.491789,0.006389,0.275173,0.216626,0.492765,0.009047
473,STTC,NORM,0.464935,NORM,0.486356,0.464935,0.018381,0.159065,0.020828,0.336790
474,MI,MI,0.618167,MI,0.617882,0.001046,0.618167,0.160162,0.217848,0.002777
475,NORM,NORM,0.747831,NORM,0.774911,0.747831,0.098285,0.122587,0.029312,0.001985
476,HYP,HYP,0.757460,HYP,0.775200,0.001343,0.017459,0.218076,0.005662,0.757460
477,HYP,HYP,0.763232,HYP,0.780567,0.002211,0.016044,0.211828,0.006685,0.763232
478,CD,NORM,0.805430,NORM,0.827263,0.805430,0.113248,0.004654,0.068831,0.007838
479,MI,NORM,0.603922,NORM,0.624079,0.603922,0.048163,0.054150,0.041107,0.252658
480,NORM,MI,0.516161,MI,0.482684,0.426633,0.516161,0.012134,0.042124,0.002949
481,NORM,NORM,0.861838,NORM,0.878185,0.861838,0.092435,0.005955,0.032809,0.006963
482,HYP,HYP,0.787167,HYP,0.803355,0.000705,0.009789,0.189265,0.013074,0.787167
483,NORM,CD,0.407147,CD,0.398957,0.121067,0.352356,0.110540,0.407147,0.008889
484,MI,MI,0.320288,NORM,0.313199,0.282412,0.320288,0.102163,0.276842,0.018295
485,NORM,NORM,0.918337,NORM,0.928094,0.918337,0.048772,0.005037,0.018326,0.009528
486,MI,MI,0.492441,MI,0.490784,0.015756,0.492441,0.368324,0.115624,0.007854
487,MI,STTC,0.375351,STTC,0.365621,0.153872,0.348116,0.375351,0.106399,0.016262
488,NORM,NORM,0.717078,NORM,0.744499,0.717078,0.069619,0.035300,0.149529,0.028475
489,NORM,STTC,0.573076,STTC,0.543362,0.308798,0.066778,0.573076,0.006542,0.044806
490,CD,HYP,0.672670,HYP,0.677752,0.161521,0.012867,0.067286,0.085656,0.672670
491,NORM,NORM,0.763076,NORM,0.788138,0.763076,0.045230,0.001557,0.176842,0.013294
